nombrePlan(30).

plan(0,[0,3,0,9,3,3]).
plan(1,[0,3,2,9,3,2]).
plan(2,[0,3,0,9,6,2]).
plan(3,[0,6,0,6,6,3]).
plan(4,[0,6,2,6,6,2]).
plan(5,[0,6,0,6,9,2]).
plan(6,[0,0,0,9,9,3]).
plan(7,[0,0,2,9,9,2]).
plan(8,[0,0,0,9,12,2]).
plan(9,[0,6,0,2,6,9]).
plan(10,[0,6,6,2,6,6]).
plan(11,[0,9,0,3,9,3]).
plan(12,[0,9,2,3,9,2]).
plan(13,[0,9,0,3,12,2]).
plan(14,[3,0,3,3,3,6]).
plan(15,[3,0,7,3,3,4]).
plan(16,[3,0,3,3,9,4]).
plan(17,[0,6,0,4,0,9]).
plan(18,[0,6,6,4,0,6]).
plan(19,[0,6,0,4,9,6]).
plan(20,[0,2,0,6,2,9]).
plan(21,[0,2,6,6,2,6]).
plan(22,[0,2,0,6,11,6]).
plan(23,[0,4,0,4,4,9]).
plan(24,[0,4,6,4,4,6]).
plan(25,[0,4,0,4,13,6]).
plan(26,[0,0,0,6,6,9]).
plan(27,[0,0,6,6,6,6]).
plan(28,[0,0,0,6,15,6]).
plan(29,[0,6,0,2,15,6]).